#fisheye 138.404 deg diagonal FOV (143 deg calibration FOV) | width, height, optical center X,Y, 1025 values theta-to-radius, corresponding to [0,pi], step pi/1024, extrapolated beyond real FOV, monotonically increasing
3840  #width
2160  #height
1981.22  #optical center X, pixel coodinates - top-left pixel is (0.5, 0.5)
1079.03  #optical center Y, pixel coodinates - top-left pixel is (0.5, 0.5)
0		#theta2r[0] = 0
6.88988	#theta2r[1], focal_length = theta2r[1] / (pi/1024)
13.7772
20.6619
27.5439
34.4234
41.3003
48.1746
55.0463
61.9154
68.7819
75.6458
82.5071
89.3658
96.2219
103.075
109.926
116.775
123.62
130.464
137.304
144.142
150.977
157.81
164.64
171.468
178.293
185.115
191.935
198.752
205.566
212.378
219.188
225.994
232.799
239.6
246.399
253.195
259.989
266.78
273.569
280.355
287.138
293.919
300.697
307.473
314.246
321.019
327.791
334.562
341.332
348.1
354.867
361.633
368.396
375.158
381.919
388.677
395.432
402.186
408.937
415.686
422.432
429.175
435.915
442.652
449.386
456.116
462.843
469.567
476.286
483.002
489.714
496.422
503.126
509.825
516.519
523.209
529.895
536.575
543.251
549.921
556.586
563.246
569.9
576.548
583.191
589.828
596.458
603.083
609.701
616.314
622.925
629.535
636.143
642.75
649.354
655.956
662.556
669.152
675.746
682.336
688.923
695.506
702.086
708.661
715.231
721.797
728.358
734.914
741.464
748.009
754.548
761.081
767.608
774.128
780.642
787.148
793.647
800.139
806.623
813.099
819.567
826.027
832.477
838.919
845.352
851.776
858.19
864.594
870.988
877.372
883.745
890.108
896.459
902.8
909.129
915.45
921.763
928.069
934.366
940.656
946.938
953.213
959.479
965.738
971.989
978.231
984.466
990.693
996.911
1003.12
1009.32
1015.52
1021.71
1027.88
1034.05
1040.22
1046.37
1052.52
1058.65
1064.78
1070.9
1077.01
1083.12
1089.21
1095.3
1101.38
1107.45
1113.51
1119.56
1125.61
1131.64
1137.67
1143.69
1149.7
1155.7
1161.69
1167.68
1173.65
1179.62
1185.57
1191.53
1197.47
1203.41
1209.34
1215.26
1221.17
1227.08
1232.98
1238.88
1244.76
1250.64
1256.51
1262.37
1268.22
1274.07
1279.9
1285.73
1291.55
1297.36
1303.16
1308.96
1314.74
1320.51
1326.28
1332.03
1337.78
1343.51
1349.24
1354.95
1360.66
1366.35
1372.03
1377.71
1383.37
1389.02
1394.66
1400.29
1405.91
1411.51
1417.11
1422.69
1428.26
1433.82
1439.37
1444.9
1450.43
1455.94
1461.45
1466.95
1472.44
1477.92
1483.38
1488.84
1494.29
1499.74
1505.17
1510.59
1516
1521.4
1526.79
1532.17
1537.54
1542.9
1548.24
1553.58
1558.91
1564.22
1569.53
1574.82
1580.1
1585.37
1590.63
1595.88
1601.11
1606.34
1611.55
1616.75
1621.94
1627.11
1632.27
1637.43
1642.56
1647.69
1652.8
1657.9
1662.99
1668.06
1673.12
1678.17
1683.2
1688.22
1693.23
1698.23
1703.22
1708.2
1713.16
1718.11
1723.06
1727.99
1732.9
1737.81
1742.71
1747.59
1752.46
1757.32
1762.17
1767.01
1771.83
1776.64
1781.44
1786.23
1791
1795.77
1800.52
1805.25
1809.98
1814.69
1819.39
1824.08
1828.76
1833.42
1838.07
1842.71
1847.33
1851.94
1856.54
1861.13
1865.7
1870.26
1874.8
1879.33
1883.85
1888.36
1892.85
1897.33
1901.8
1906.25
1910.7
1915.13
1919.56
1923.97
1928.37
1932.76
1937.14
1941.51
1945.87
1950.21
1954.55
1958.87
1963.17
1967.47
1971.75
1976.02
1980.28
1984.52
1988.75
1992.96
1997.17
2001.35
2005.53
2009.68
2013.83
2017.96
2022.07
2026.17
2030.25
2034.32
2038.37
2042.41
2046.43
2050.43
2054.42
2058.39
2062.35
2066.28
2070.2
2074.11
2077.99
2081.86
2085.71
2089.54
2093.35
2097.15
2100.94
2104.71
2108.46
2112.2
2115.92
2119.63
2123.32
2127
2130.66
2134.3
2137.93
2141.55
2145.15
2148.73
2152.3
2155.85
2159.39
2162.91
2166.42
2169.91
2173.38
2176.84
2180.29
2183.72
2187.13
2190.53
2193.91
2197.28
2200.63
2203.96
2207.29
2210.59
2213.88
2217.15
2220.41
2223.66
2226.88
2230.1
2233.29
2236.48
2239.64
2242.79
2245.93
2249.06
2252.19
2255.32
2258.45
2261.58
2264.71
2267.85
2270.98
2274.11
2277.24
2280.37
2283.5
2286.63
2289.76
2292.89
2296.03
2299.16
2302.29
2305.42
2308.55
2311.68
2314.81
2317.94
2321.07
2324.21
2327.34
2330.47
2333.6
2336.73
2339.86
2342.99
2346.12
2349.25
2352.39
2355.52
2358.65
2361.78
2364.91
2368.04
2371.17
2374.3
2377.43
2380.57
2383.7
2386.83
2389.96
2393.09
2396.22
2399.35
2402.48
2405.61
2408.75
2411.88
2415.01
2418.14
2421.27
2424.4
2427.53
2430.66
2433.8
2436.93
2440.06
2443.19
2446.32
2449.45
2452.58
2455.71
2458.84
2461.98
2465.11
2468.24
2471.37
2474.5
2477.63
2480.76
2483.89
2487.02
2490.16
2493.29
2496.42
2499.55
2502.68
2505.81
2508.94
2512.07
2515.2
2518.34
2521.47
2524.6
2527.73
2530.86
2533.99
2537.12
2540.25
2543.38
2546.52
2549.65
2552.78
2555.91
2559.04
2562.17
2565.3
2568.43
2571.56
2574.7
2577.83
2580.96
2584.09
2587.22
2590.35
2593.48
2596.61
2599.75
2602.88
2606.01
2609.14
2612.27
2615.4
2618.53
2621.66
2624.79
2627.93
2631.06
2634.19
2637.32
2640.45
2643.58
2646.71
2649.84
2652.97
2656.11
2659.24
2662.37
2665.5
2668.63
2671.76
2674.89
2678.02
2681.15
2684.29
2687.42
2690.55
2693.68
2696.81
2699.94
2703.07
2706.2
2709.33
2712.47
2715.6
2718.73
2721.86
2724.99
2728.12
2731.25
2734.38
2737.51
2740.65
2743.78
2746.91
2750.04
2753.17
2756.3
2759.43
2762.56
2765.7
2768.83
2771.96
2775.09
2778.22
2781.35
2784.48
2787.61
2790.74
2793.88
2797.01
2800.14
2803.27
2806.4
2809.53
2812.66
2815.79
2818.92
2822.06
2825.19
2828.32
2831.45
2834.58
2837.71
2840.84
2843.97
2847.1
2850.24
2853.37
2856.5
2859.63
2862.76
2865.89
2869.02
2872.15
2875.28
2878.42
2881.55
2884.68
2887.81
2890.94
2894.07
2897.2
2900.33
2903.47
2906.6
2909.73
2912.86
2915.99
2919.12
2922.25
2925.38
2928.51
2931.65
2934.78
2937.91
2941.04
2944.17
2947.3
2950.43
2953.56
2956.69
2959.83
2962.96
2966.09
2969.22
2972.35
2975.48
2978.61
2981.74
2984.87
2988.01
2991.14
2994.27
2997.4
3000.53
3003.66
3006.79
3009.92
3013.05
3016.19
3019.32
3022.45
3025.58
3028.71
3031.84
3034.97
3038.1
3041.23
3044.37
3047.5
3050.63
3053.76
3056.89
3060.02
3063.15
3066.28
3069.42
3072.55
3075.68
3078.81
3081.94
3085.07
3088.2
3091.33
3094.46
3097.6
3100.73
3103.86
3106.99
3110.12
3113.25
3116.38
3119.51
3122.64
3125.78
3128.91
3132.04
3135.17
3138.3
3141.43
3144.56
3147.69
3150.82
3153.96
3157.09
3160.22
3163.35
3166.48
3169.61
3172.74
3175.87
3179
3182.14
3185.27
3188.4
3191.53
3194.66
3197.79
3200.92
3204.05
3207.18
3210.32
3213.45
3216.58
3219.71
3222.84
3225.97
3229.1
3232.23
3235.36
3238.5
3241.63
3244.76
3247.89
3251.02
3254.15
3257.28
3260.41
3263.55
3266.68
3269.81
3272.94
3276.07
3279.2
3282.33
3285.46
3288.59
3291.73
3294.86
3297.99
3301.12
3304.25
3307.38
3310.51
3313.64
3316.77
3319.91
3323.04
3326.17
3329.3
3332.43
3335.56
3338.69
3341.82
3344.95
3348.09
3351.22
3354.35
3357.48
3360.61
3363.74
3366.87
3370
3373.13
3376.27
3379.4
3382.53
3385.66
3388.79
3391.92
3395.05
3398.18
3401.31
3404.45
3407.58
3410.71
3413.84
3416.97
3420.1
3423.23
3426.36
3429.5
3432.63
3435.76
3438.89
3442.02
3445.15
3448.28
3451.41
3454.54
3457.68
3460.81
3463.94
3467.07
3470.2
3473.33
3476.46
3479.59
3482.72
3485.86
3488.99
3492.12
3495.25
3498.38
3501.51
3504.64
3507.77
3510.9
3514.04
3517.17
3520.3
3523.43
3526.56
3529.69
3532.82
3535.95
3539.08
3542.22
3545.35
3548.48
3551.61
3554.74
3557.87
3561
3564.13
3567.26
3570.4
3573.53
3576.66
3579.79
3582.92
3586.05
3589.18
3592.31
3595.45
3598.58
3601.71
3604.84
3607.97
3611.1
3614.23
3617.36
3620.49
3623.63
3626.76
3629.89
3633.02
3636.15
3639.28
3642.41
3645.54
3648.67
3651.81
3654.94
3658.07
3661.2
3664.33
3667.46
3670.59
3673.72
3676.85
3679.99
3683.12
3686.25
3689.38
3692.51
3695.64
3698.77
3701.9
3705.03
3708.17
3711.3
3714.43
3717.56
3720.69
3723.82
3726.95
3730.08
3733.22
3736.35
3739.48
3742.61
3745.74
3748.87
3752
3755.13
3758.26
3761.4
3764.53
3767.66
3770.79
3773.92
3777.05
3780.18
3783.31
3786.44
3789.58
3792.71
3795.84
3798.97
3802.1
3805.23
3808.36
3811.49
3814.62
3817.76
3820.89
3824.02
3827.15
3830.28
3833.41
3836.54
3839.67
3842.8
3845.94
3849.07
3852.2
3855.33
3858.46
3861.59
3864.72
3867.85
3870.98
3874.12
3877.25
3880.38
3883.51
3886.64
3889.77
3892.9
3896.03
3899.17
3902.3
3905.43
3908.56
3911.69
3914.82
3917.95
3921.08
3924.21
3927.35
3930.48
3933.61
3936.74
3939.87
3943
3946.13
3949.26
3952.39
3955.53
3958.66
3961.79
3964.92
3968.05
3971.18
3974.31
3977.44
3980.57
3983.71
3986.84
3989.97
3993.1
3996.23
3999.36
4002.49
4005.62
4008.75
4011.89
4015.02
4018.15
4021.28
4024.41
4027.54
4030.67
4033.8
4036.93
4040.07
4043.2
4046.33
4049.46
4052.59
4055.72
4058.85
4061.98
4065.11
4068.25
4071.38
4074.51
4077.64
4080.77
4083.9
4087.03
4090.16
4093.3
4096.43
4099.56
4102.69
4105.82
4108.95
4112.08
4115.21
4118.34
4121.48
4124.61
4127.74
4130.87
4134
4137.13
4140.26
4143.39
4146.52
4149.66
4152.79
4155.92
4159.05
4162.18
4165.31
4168.44
4171.57
4174.7
4177.84