#fisheye 143.241 deg diagonal FOV (140 deg calibration FOV) | width, height, optical center X,Y, 1025 values theta-to-radius, corresponding to [0,pi], step pi/1024, extrapolated beyond real FOV, monotonically increasing
3840  #width
2160  #height
1980.6  #optical center X, pixel coodinates - top-left pixel is (0.5, 0.5)
1083.2  #optical center Y, pixel coodinates - top-left pixel is (0.5, 0.5)
0		#theta2r[0] = 0
5.86789	#theta2r[1], focal_length = theta2r[1] / (pi/1024)
11.7347
17.6003
23.4649
29.3284
35.1908
41.052
46.9122
52.7712
58.6291
64.486
70.3417
76.1963
82.0498
87.9023
93.7536
99.6038
105.453
111.301
117.148
122.994
128.838
134.682
140.524
146.366
152.206
158.045
163.883
169.72
175.556
181.39
187.224
193.057
198.888
204.718
210.548
216.376
222.203
228.028
233.853
239.677
245.499
251.321
257.141
262.96
268.777
274.591
280.403
286.212
292.02
297.826
303.63
309.432
315.232
321.031
326.828
332.624
338.419
344.212
350.005
355.796
361.587
367.376
373.165
378.953
384.741
390.528
396.315
402.102
407.889
413.675
419.461
425.248
431.035
436.822
442.61
448.398
454.186
459.976
465.766
471.557
477.349
483.142
488.937
494.732
500.529
506.327
512.127
517.929
523.732
529.537
535.343
541.15
546.958
552.768
558.579
564.391
570.203
576.016
581.83
587.645
593.46
599.275
605.091
610.907
616.723
622.539
628.355
634.171
639.987
645.803
651.618
657.432
663.246
669.059
674.872
680.683
686.494
692.304
698.112
703.92
709.726
715.53
721.333
727.135
732.935
738.733
744.529
750.323
756.116
761.906
767.694
773.479
779.264
785.048
790.832
796.615
802.397
808.179
813.96
819.74
825.519
831.297
837.075
842.852
848.628
854.402
860.176
865.949
871.72
877.491
883.26
889.028
894.795
900.561
906.325
912.088
917.849
923.609
929.368
935.125
940.881
946.635
952.388
958.138
963.887
969.635
975.381
981.125
986.867
992.607
998.345
1004.08
1009.82
1015.55
1021.28
1027.01
1032.73
1038.46
1044.19
1049.92
1055.65
1061.37
1067.1
1072.83
1078.55
1084.28
1090
1095.72
1101.44
1107.16
1112.88
1118.6
1124.31
1130.03
1135.74
1141.45
1147.16
1152.86
1158.56
1164.26
1169.96
1175.65
1181.34
1187.03
1192.71
1198.4
1204.07
1209.75
1215.42
1221.08
1226.74
1232.4
1238.05
1243.7
1249.35
1254.98
1260.62
1266.25
1271.87
1277.49
1283.11
1288.72
1294.33
1299.94
1305.55
1311.16
1316.76
1322.37
1327.97
1333.57
1339.16
1344.76
1350.35
1355.93
1361.52
1367.1
1372.67
1378.25
1383.82
1389.38
1394.94
1400.5
1406.05
1411.59
1417.13
1422.67
1428.2
1433.72
1439.24
1444.75
1450.26
1455.76
1461.26
1466.74
1472.22
1477.7
1483.16
1488.62
1494.07
1499.52
1504.95
1510.38
1515.8
1521.21
1526.62
1532.02
1537.41
1542.81
1548.2
1553.58
1558.97
1564.34
1569.72
1575.09
1580.45
1585.81
1591.16
1596.51
1601.85
1607.19
1612.52
1617.84
1623.16
1628.47
1633.77
1639.06
1644.35
1649.63
1654.9
1660.17
1665.42
1670.67
1675.91
1681.13
1686.35
1691.56
1696.76
1701.95
1707.13
1712.3
1717.46
1722.61
1727.74
1732.87
1737.98
1743.08
1748.17
1753.25
1758.32
1763.37
1768.42
1773.46
1778.49
1783.52
1788.53
1793.54
1798.54
1803.53
1808.51
1813.49
1818.45
1823.41
1828.35
1833.29
1838.22
1843.14
1848.04
1852.94
1857.83
1862.71
1867.58
1872.44
1877.28
1882.12
1886.95
1891.77
1896.57
1901.37
1906.15
1910.92
1915.68
1920.43
1925.17
1929.9
1934.61
1939.31
1944
1948.68
1953.35
1958
1962.65
1967.27
1971.89
1976.49
1981.09
1985.67
1990.24
1994.8
1999.35
2003.89
2008.42
2012.93
2017.44
2021.93
2026.41
2030.88
2035.34
2039.79
2044.23
2048.66
2053.08
2057.48
2061.87
2066.26
2070.63
2074.99
2079.34
2083.68
2088.01
2092.32
2096.63
2100.92
2105.21
2109.48
2113.74
2117.99
2122.23
2126.45
2130.67
2134.88
2139.07
2143.25
2147.43
2151.59
2155.74
2159.88
2164.01
2168.13
2172.25
2176.37
2180.49
2184.61
2188.73
2192.85
2196.97
2201.09
2205.21
2209.33
2213.45
2217.57
2221.69
2225.81
2229.93
2234.05
2238.17
2242.29
2246.41
2250.53
2254.65
2258.77
2262.89
2267.01
2271.13
2275.25
2279.37
2283.49
2287.61
2291.73
2295.85
2299.97
2304.09
2308.21
2312.33
2316.45
2320.57
2324.69
2328.81
2332.93
2337.05
2341.17
2345.29
2349.41
2353.53
2357.65
2361.77
2365.89
2370.01
2374.13
2378.25
2382.37
2386.49
2390.61
2394.73
2398.85
2402.97
2407.09
2411.21
2415.33
2419.45
2423.57
2427.69
2431.81
2435.93
2440.05
2444.17
2448.29
2452.41
2456.53
2460.65
2464.77
2468.89
2473.01
2477.13
2481.25
2485.37
2489.49
2493.61
2497.73
2501.85
2505.97
2510.09
2514.21
2518.33
2522.45
2526.57
2530.69
2534.81
2538.93
2543.05
2547.17
2551.29
2555.41
2559.53
2563.65
2567.77
2571.89
2576.01
2580.13
2584.25
2588.37
2592.49
2596.61
2600.73
2604.85
2608.97
2613.09
2617.21
2621.33
2625.45
2629.57
2633.69
2637.81
2641.93
2646.05
2650.17
2654.29
2658.41
2662.53
2666.65
2670.77
2674.89
2679.01
2683.13
2687.25
2691.37
2695.49
2699.61
2703.73
2707.85
2711.97
2716.09
2720.21
2724.33
2728.45
2732.57
2736.69
2740.81
2744.93
2749.05
2753.17
2757.29
2761.41
2765.53
2769.65
2773.77
2777.89
2782.01
2786.13
2790.25
2794.38
2798.5
2802.61
2806.74
2810.86
2814.98
2819.1
2823.22
2827.34
2831.46
2835.58
2839.7
2843.82
2847.94
2852.06
2856.18
2860.3
2864.42
2868.54
2872.66
2876.78
2880.9
2885.02
2889.14
2893.26
2897.38
2901.5
2905.62
2909.74
2913.86
2917.98
2922.1
2926.22
2930.34
2934.46
2938.58
2942.7
2946.82
2950.94
2955.06
2959.18
2963.3
2967.42
2971.54
2975.66
2979.78
2983.9
2988.02
2992.14
2996.26
3000.38
3004.5
3008.62
3012.74
3016.86
3020.98
3025.1
3029.22
3033.34
3037.46
3041.58
3045.7
3049.82
3053.94
3058.06
3062.18
3066.3
3070.42
3074.54
3078.66
3082.78
3086.9
3091.02
3095.14
3099.26
3103.38
3107.5
3111.62
3115.74
3119.86
3123.98
3128.1
3132.22
3136.34
3140.46
3144.58
3148.7
3152.82
3156.94
3161.06
3165.18
3169.3
3173.42
3177.54
3181.66
3185.78
3189.9
3194.02
3198.14
3202.26
3206.38
3210.5
3214.62
3218.74
3222.86
3226.98
3231.1
3235.22
3239.34
3243.46
3247.58
3251.7
3255.82
3259.94
3264.06
3268.18
3272.3
3276.42
3280.54
3284.66
3288.78
3292.9
3297.02
3301.14
3305.26
3309.38
3313.5
3317.62
3321.74
3325.86
3329.98
3334.1
3338.22
3342.34
3346.46
3350.58
3354.7
3358.82
3362.94
3367.06
3371.18
3375.3
3379.42
3383.54
3387.66
3391.78
3395.9
3400.02
3404.14
3408.26
3412.38
3416.5
3420.62
3424.74
3428.86
3432.98
3437.1
3441.22
3445.34
3449.46
3453.58
3457.7
3461.82
3465.94
3470.06
3474.18
3478.3
3482.42
3486.54
3490.66
3494.78
3498.9
3503.02
3507.14
3511.26
3515.38
3519.5
3523.62
3527.75
3531.86
3535.99
3540.11
3544.23
3548.35
3552.47
3556.59
3560.71
3564.83
3568.95
3573.07
3577.19
3581.31
3585.43
3589.55
3593.67
3597.79
3601.91
3606.03
3610.15
3614.27
3618.39
3622.51
3626.63
3630.75
3634.87
3638.99
3643.11
3647.23
3651.35
3655.47
3659.59
3663.71
3667.83
3671.95
3676.07
3680.19
3684.31
3688.43
3692.55
3696.67
3700.79
3704.91
3709.03
3713.15
3717.27
3721.39
3725.51
3729.63
3733.75
3737.87
3741.99
3746.11
3750.23
3754.35
3758.47
3762.59
3766.71
3770.83
3774.95
3779.07
3783.19
3787.31
3791.43
3795.55
3799.67
3803.79
3807.91
3812.03
3816.15
3820.27
3824.39
3828.51
3832.63
3836.75
3840.87
3844.99
3849.11
3853.23
3857.35
3861.47
3865.59
3869.71
3873.83
3877.95
3882.07
3886.19
3890.31
3894.43
3898.55
3902.67
3906.79
3910.91
3915.03
3919.15
3923.27
3927.39
3931.51
3935.63
3939.75
3943.87
3947.99
3952.11
3956.23
3960.35
3964.47
3968.59
3972.71
3976.83
3980.95
3985.07
3989.19
3993.31
3997.43
4001.55
4005.67
4009.79
4013.91
4018.03
4022.15
4026.27
4030.39
4034.51
4038.63
4042.75
4046.87
4050.99
4055.11
4059.23
4063.35
4067.47
4071.59
4075.71
4079.83
4083.95
4088.07
4092.19
4096.31
4100.43
4104.55
4108.67
4112.79
4116.91
4121.03
4125.15
4129.27
4133.39
4137.51
4141.63
4145.75
4149.87
4153.99
4158.11
4162.23
4166.35
4170.47
4174.59
4178.71
4182.83
4186.95
4191.07
4195.19
4199.31
4203.43
4207.55
4211.67
4215.79
4219.91
4224.03
4228.15
4232.27
4236.39
4240.51
4244.63
4248.75
4252.88
4257
4261.12
4265.24
4269.36
4273.48
4277.6
4281.72
4285.84
4289.96
4294.08
4298.2
4302.32
4306.44
4310.56
4314.68
4318.8
4322.92
4327.04
4331.16
4335.28
4339.4
4343.52
4347.64
4351.76
4355.88
4360
4364.12
4368.24
4372.36
4376.48
4380.6
4384.72
4388.84
4392.96
4397.08
4401.2
4405.32
4409.44
4413.56
4417.68
4421.8
4425.92
4430.04
4434.16
4438.28
4442.4
4446.52
4450.64
4454.76
4458.88
4463
4467.12
4471.24
4475.36
4479.48
4483.6
4487.72
4491.84
4495.96
4500.08
4504.2
4508.32
4512.44
4516.56
4520.68
4524.8
4528.92
4533.04
4537.16
4541.28
4545.4
4549.52
4553.64
4557.76
4561.88
4566
4570.12
4574.24
4578.36
4582.48
4586.6
4590.72
4594.84
4598.96
4603.08
4607.2
4611.32
4615.44
4619.56
4623.68
4627.8
4631.92
4636.04
4640.16
4644.28
4648.4
4652.52
4656.64
4660.76
4664.88
4669
4673.12
4677.24
4681.36
4685.48
4689.6
4693.72
4697.84
4701.96
4706.08
4710.2
4714.32
4718.44
4722.56
4726.68
4730.8
4734.92
4739.04
4743.16
