#pinhole 74.7907 deg diagonal FOV (78.45 deg calibration FOV) | width, height, optical center X,Y, 1025 values theta-to-radius, corresponding to [0,pi], step pi/1024, extrapolated beyond real FOV, monotonically increasing
2592  #width
1944  #height
1286.24  #optical center X, pixel coodinates - top-left pixel is (0.5, 0.5)
987.256  #optical center Y, pixel coodinates - top-left pixel is (0.5, 0.5)
0		#theta2r[0] = 0
8.48392	#theta2r[1], focal_length = theta2r[1] / (pi/1024)
16.9607
25.4304
33.8933
42.3496
50.7995
59.243
67.6804
76.1119
84.5377
92.9578
101.372
109.782
118.186
126.586
134.981
143.371
151.757
160.138
168.516
176.889
185.259
193.626
201.989
210.351
218.716
227.086
235.458
243.832
252.207
260.583
268.958
277.331
285.702
294.07
302.434
310.793
319.147
327.494
335.834
344.166
352.489
360.802
369.106
377.398
385.678
393.946
402.201
410.442
418.679
426.917
435.156
443.394
451.631
459.865
468.096
476.323
484.544
492.76
500.969
509.171
517.363
525.547
533.72
541.883
550.034
558.172
566.298
574.409
582.506
590.588
598.654
606.703
614.735
622.76
630.785
638.808
646.828
654.844
662.856
670.862
678.862
686.854
694.838
702.812
710.777
718.731
726.673
734.603
742.52
750.422
758.31
766.183
774.039
781.879
789.702
797.506
805.292
813.059
820.807
828.551
836.293
844.033
851.77
859.503
867.23
874.95
882.663
890.366
898.06
905.744
913.415
921.074
928.719
936.35
943.965
951.565
959.147
966.711
974.257
981.784
989.291
996.778
1004.24
1011.69
1019.11
1026.51
1033.91
1041.31
1048.71
1056.11
1063.5
1070.89
1078.27
1085.65
1093.01
1100.37
1107.71
1115.04
1122.35
1129.65
1136.93
1144.19
1151.44
1158.66
1165.87
1173.05
1180.21
1187.35
1194.46
1201.55
1208.61
1215.65
1222.66
1229.64
1236.6
1243.54
1250.46
1257.36
1264.24
1271.11
1277.96
1284.8
1291.62
1298.44
1305.25
1312.05
1318.84
1325.62
1332.4
1339.17
1345.94
1352.71
1359.48
1366.25
1373.02
1379.79
1386.56
1393.33
1400.11
1406.9
1413.69
1420.49
1427.3
1434.11
1440.8
1447.34
1453.77
1460.1
1466.35
1472.54
1478.68
1484.79
1490.88
1496.96
1503.04
1509.13
1515.26
1521.42
1527.63
1533.9
1540.25
1546.7
1553.25
1559.94
1566.78
1573.8
1581.04
1588.54
1596.35
1604.54
1613.21
1622.5
1632.63
1643.8
1655.78
1668.68
1682.72
1698.26
1715.89
1736.69
1763.33
1908.78
1908.78
1908.78
1908.78
1908.78
1908.78
1908.78
1908.78
1908.78
1908.78
1908.78
1908.78
1908.78
1908.78
1908.78
1908.78
1908.78
1908.78
1908.78
1908.78
1908.78
1908.78
1908.78
1908.78
1908.78
1908.78
1908.78
1908.78
1908.78
1908.78
1908.78
1908.78
1908.78
1908.78
1908.78
1908.78
1908.78
1908.78
1908.78
1908.78
1908.78
1908.78
1908.78
1908.78
1908.78
1908.78
1908.78
1908.78
1908.78
1908.78
1908.78
1908.78
1908.78
1908.78
1908.78
1908.78
1908.78
1908.78
1908.78
1908.78
1908.78
1908.78
1908.78
1908.78
1908.78
1908.78
1908.78
1908.78
1908.78
1908.78
1908.78
1908.78
1908.78
1908.78
1908.78
1908.78
1908.78
1908.78
1908.78
1908.78
1908.78
1908.78
1908.78
1908.78
1908.78
1908.78
1908.78
1908.78
1908.78
1908.78
1908.78
1908.78
1908.78
1908.78
1908.78
1908.78
1908.78
1908.78
1908.78
1908.78
1908.78
1908.78
1908.78
1908.78
1908.78
1908.78
1908.78
1908.78
1908.78
1908.78
1908.78
1908.78
1908.78
1908.78
1908.78
1908.78
1908.78
1908.78
1908.78
1908.78
1908.78
1908.78
1908.78
1908.78
1908.78
1908.78
1908.78
1908.78
1908.78
1908.78
1908.78
1908.78
1908.78
1908.78
1908.78
1908.78
1908.78
1908.78
1908.78
1908.78
1908.78
1908.78
1908.78
1908.78
1908.78
1908.78
1908.78
1908.78
1908.78
1908.78
1908.78
1908.78
1908.78
1908.78
1908.78
1908.78
1908.78
1908.78
1908.78
1908.78
1908.78
1908.78
1908.78
1908.78
1908.78
1908.78
1908.78
1908.78
1908.78
1908.78
1908.78
1908.78
1908.78
1908.78
1908.78
1908.78
1908.78
1908.78
1908.78
1908.78
1908.78
1908.78
1908.78
1908.78
1908.78
1908.78
1908.78
1908.78
1908.78
1908.78
1908.78
1908.78
1908.78
1908.78
1908.78
1908.78
1908.78
1908.78
1908.78
1908.78
1908.78
1908.78
1908.78
1908.78
1908.78
1908.78
1908.78
1908.78
1908.78
1908.78
1908.78
1908.78
1908.78
1908.78
1908.78
1908.78
1908.78
1908.78
1908.78
1908.78
1908.78
1908.78
1908.78
1908.78
1908.78
1908.78
1908.78
1908.78
1908.78
1908.78
1908.78
1908.78
1908.78
1908.78
1908.78
1908.78
1908.78
1908.78
1908.78
1908.78
1908.78
1908.78
1908.78
1908.78
1908.78
1908.78
1908.78
1908.78
1908.78
1908.78
1908.78
1908.78
1908.78
1908.78
1908.78
1908.78
1908.78
1908.78
1908.78
1908.78
1908.78
1908.78
1908.78
1908.78
1908.78
1908.78
1908.78
1908.78
1908.78
1908.78
1908.78
1908.78
1908.78
1908.78
1908.78
1908.78
1908.78
1908.78
1908.78
1908.78
1908.78
1908.78
1908.78
1908.78
1908.78
1908.78
1908.78
1908.78
1908.78
1908.78
1908.78
1908.78
1908.78
1908.78
1908.78
1908.78
1908.78
1908.78
1908.78
1908.78
1908.78
1908.78
1908.78
1908.78
1908.78
1908.78
1908.78
1908.78
1908.78
1908.78
1908.78
1908.78
1908.78
1908.78
1908.78
1908.78
1908.78
1908.78
1908.78
1908.78
1908.78
1908.78
1908.78
1908.78
1908.78
1908.78
1908.78
1908.78
1908.78
1908.78
1908.78
1908.78
1908.78
1908.78
1908.78
1908.78
1908.78
1908.78
1908.78
1908.78
1908.78
1908.78
1908.78
1908.78
1908.78
1908.78
1908.78
1908.78
1908.78
1908.78
1908.78
1908.78
1908.78
1908.78
1908.78
1908.78
1908.78
1908.78
1908.78
1908.78
1908.78
1908.78
1908.78
1908.78
1908.78
1908.78
1908.78
1908.78
1908.78
1908.78
1908.78
1908.78
1908.78
1908.78
1908.78
1908.78
1908.78
1908.78
1908.78
1908.78
1908.78
1908.78
1908.78
1908.78
1908.78
1908.78
1908.78
1908.78
1908.78
1908.78
1908.78
1908.78
1908.78
1908.78
1908.78
1908.78
1908.78
1908.78
1908.78
1908.78
1908.78
1908.78
1908.78
1908.78
1908.78
1908.78
1908.78
1908.78
1908.78
1908.78
1908.78
1908.78
1908.78
1908.78
1908.78
1908.78
1908.78
1908.78
1908.78
1908.78
1908.78
1908.78
1908.78
1908.78
1908.78
1908.78
1908.78
1908.78
1908.78
1908.78
1908.78
1908.78
1908.78
1908.78
1908.78
1908.78
1908.78
1908.78
1908.78
1908.78
1908.78
1908.78
1908.78
1908.78
1908.78
1908.78
1908.78
1908.78
1908.78
1908.78
1908.78
1908.78
1908.78
1908.78
1908.78
1908.78
1908.78
1908.78
1908.78
1908.78
1908.78
1908.78
1908.78
1908.78
1908.78
1908.78
1908.78
1908.78
1908.78
1908.78
1908.78
1908.78
1908.78
1908.78
1908.78
1908.78
1908.78
1908.78
1908.78
1908.78
1908.78
1908.78
1908.78
1908.78
1908.78
1908.78
1908.78
1908.78
1908.78
1908.78
1908.78
1908.78
1908.78
1908.78
1908.78
1908.78
1908.78
1908.78
1908.78
1908.78
1908.78
1908.78
1908.78
1908.78
1908.78
1908.78
1908.78
1908.78
1908.78
1908.78
1908.78
1908.78
1908.78
1908.78
1908.78
1908.78
1908.78
1908.78
1908.78
1908.78
1908.78
1908.78
1908.78
1908.78
1908.78
1908.78
1908.78
1908.78
1908.78
1908.78
1908.78
1908.78
1908.78
1908.78
1908.78
1908.78
1908.78
1908.78
1908.78
1908.78
1908.78
1908.78
1908.78
1908.78
1908.78
1908.78
1908.78
1908.78
1908.78
1908.78
1908.78
1908.78
1908.78
1908.78
1908.78
1908.78
1908.78
1908.78
1908.78
1908.78
1908.78
1908.78
1908.78
1908.78
1908.78
1908.78
1908.78
1908.78
1908.78
1908.78
1908.78
1908.78
1908.78
1908.78
1908.78
1908.78
1908.78
1908.78
1908.78
1908.78
1908.78
1908.78
1908.78
1908.78
1908.78
1908.78
1908.78
1908.78
1908.78
1908.78
1908.78
1908.78
1908.78
1908.78
1908.78
1908.78
1908.78
1908.78
1908.78
1908.78
1908.78
1908.78
1908.78
1908.78
1908.78
1908.78
1908.78
1908.78
1908.78
1908.78
1908.78
1908.78
1908.78
1908.78
1908.78
1908.78
1908.78
1908.78
1908.78
1908.78
1908.78
1908.78
1908.78
1908.78
1908.78
1908.78
1908.78
1908.78
1908.78
1908.78
1908.78
1908.78
1908.78
1908.78
1908.78
1908.78
1908.78
1908.78
1908.78
1908.78
1908.78
1908.78
1908.78
1908.78
1908.78
1908.78
1908.78
1908.78
1908.78
1908.78
1908.78
1908.78
1908.78
1908.78
1908.78
1908.78
1908.78
1908.78
1908.78
1908.78
1908.78
1908.78
1908.78
1908.78
1908.78
1908.78
1908.78
1908.78
1908.78
1908.78
1908.78
1908.78
1908.78
1908.78
1908.78
1908.78
1908.78
1908.78
1908.78
1908.78
1908.78
1908.78
1908.78
1908.78
1908.78
1908.78
1908.78
1908.78
1908.78
1908.78
1908.78
1908.78
1908.78
1908.78
1908.78
1908.78
1908.78
1908.78
1908.78
1908.78
1908.78
1908.78
1908.78
1908.78
1908.78
1908.78
1908.78
1908.78
1908.78
1908.78
1908.78
1908.78
1908.78
1908.78
1908.78
1908.78
1908.78
1908.78
1908.78
1908.78
1908.78
1908.78
1908.78
1908.78
1908.78
1908.78
1908.78
1908.78
1908.78
1908.78
1908.78
1908.78
1908.78
1908.78
1908.78
1908.78
1908.78
1908.78
1908.78
1908.78
1908.78
1908.78
1908.78
1908.78
1908.78
1908.78
1908.78
1908.78
1908.78
1908.78
1908.78
1908.78
1908.78
1908.78
1908.78
1908.78
1908.78
1908.78
1908.78
1908.78
1908.78
1908.78
1908.78
1908.78
1908.78
1908.78
1908.78
1908.78
1908.78
1908.78
1908.78
1908.78
1908.78
1908.78
1908.78
1908.78
1908.78
1908.78
1908.78
1908.78
1908.78
1908.78
1908.78
1908.78
1908.78
1908.78
1908.78
1908.78
1908.78
1908.78
1908.78
1908.78
1908.78
1908.78
1908.78
1908.78
1908.78
1908.78
1908.78
1908.78
1908.78
1908.78