#fisheye 135.748 deg diagonal FOV (131 deg calibration FOV) | width, height, optical center X,Y, 1025 values theta-to-radius, corresponding to [0,pi], step pi/1024, extrapolated beyond real FOV, monotonically increasing
3840  #width
2160  #height
1952.33  #optical center X, pixel coodinates - top-left pixel is (0.5, 0.5)
1071.82  #optical center Y, pixel coodinates - top-left pixel is (0.5, 0.5)
0		#theta2r[0] = 0
6.29424	#theta2r[1], focal_length = theta2r[1] / (pi/1024)
12.5876
18.88
25.1715
31.4622
37.7519
44.0407
50.3286
56.6156
62.9017
69.1869
75.4712
81.7546
88.0371
94.3187
100.599
106.879
113.158
119.436
125.713
131.989
138.265
144.539
150.812
157.085
163.357
169.627
175.897
182.166
188.434
194.701
200.967
207.233
213.497
219.761
226.023
232.285
238.546
244.806
251.065
257.323
263.58
269.837
276.094
282.351
288.607
294.863
301.119
307.374
313.629
319.883
326.136
332.389
338.641
344.892
351.142
357.391
363.639
369.886
376.132
382.377
388.62
394.863
401.104
407.343
413.581
419.818
426.052
432.286
438.517
444.747
450.975
457.201
463.425
469.647
475.867
482.085
488.3
494.514
500.725
506.934
513.14
519.344
525.547
531.748
537.949
544.149
550.348
556.546
562.743
568.938
575.132
581.325
587.516
593.706
599.894
606.08
612.265
618.448
624.629
630.808
636.985
643.16
649.333
655.503
661.672
667.837
674.001
680.162
686.32
692.476
698.628
704.779
710.926
717.07
723.211
729.349
735.484
741.616
747.744
753.869
759.991
766.109
772.224
778.335
784.447
790.557
796.667
802.776
808.883
814.989
821.094
827.197
833.298
839.397
845.494
851.589
857.681
863.77
869.857
875.94
882.021
888.097
894.171
900.24
906.306
912.368
918.425
924.479
930.527
936.571
942.61
948.644
954.673
960.696
966.714
972.726
978.733
984.733
990.727
996.714
1002.7
1008.67
1014.64
1020.6
1026.55
1032.5
1038.44
1044.37
1050.3
1056.22
1062.14
1068.05
1073.95
1079.85
1085.75
1091.64
1097.52
1103.4
1109.27
1115.14
1121
1126.86
1132.71
1138.56
1144.41
1150.25
1156.08
1161.92
1167.74
1173.57
1179.39
1185.21
1191.02
1196.83
1202.63
1208.44
1214.23
1220.03
1225.82
1231.61
1237.4
1243.19
1248.97
1254.75
1260.53
1266.3
1272.07
1277.84
1283.62
1289.38
1295.15
1300.92
1306.68
1312.44
1318.2
1323.96
1329.71
1335.46
1341.21
1346.95
1352.69
1358.42
1364.16
1369.88
1375.61
1381.32
1387.04
1392.75
1398.45
1404.15
1409.84
1415.53
1421.21
1426.88
1432.55
1438.21
1443.87
1449.51
1455.15
1460.79
1466.41
1472.03
1477.64
1483.24
1488.84
1494.42
1500
1505.57
1511.13
1516.69
1522.24
1527.78
1533.32
1538.86
1544.39
1549.91
1555.43
1560.94
1566.44
1571.94
1577.43
1582.92
1588.4
1593.87
1599.34
1604.8
1610.25
1615.7
1621.14
1626.57
1632
1637.42
1642.83
1648.23
1653.63
1659.02
1664.41
1669.78
1675.15
1680.52
1685.87
1691.22
1696.56
1701.89
1707.21
1712.53
1717.84
1723.14
1728.43
1733.71
1738.99
1744.26
1749.53
1754.79
1760.04
1765.28
1770.52
1775.75
1780.98
1786.19
1791.4
1796.61
1801.8
1806.99
1812.17
1817.34
1822.51
1827.67
1832.82
1837.97
1843.1
1848.23
1853.36
1858.47
1863.58
1868.68
1873.77
1878.85
1883.93
1888.99
1894.05
1899.11
1904.15
1909.19
1914.21
1919.23
1924.25
1929.25
1934.25
1939.23
1944.21
1949.18
1954.15
1959.1
1964.05
1968.99
1973.93
1978.85
1983.77
1988.68
1993.58
1998.47
2003.36
2008.24
2013.11
2017.97
2022.83
2027.68
2032.52
2037.35
2042.18
2046.99
2051.8
2056.6
2061.4
2066.18
2070.96
2075.73
2080.5
2085.25
2090
2094.74
2099.47
2104.19
2108.91
2113.62
2118.32
2123.01
2127.7
2132.38
2137.05
2141.71
2146.37
2151.03
2155.69
2160.36
2165.02
2169.68
2174.34
2179
2183.66
2188.32
2192.99
2197.65
2202.31
2206.97
2211.63
2216.29
2220.96
2225.62
2230.28
2234.94
2239.6
2244.26
2248.92
2253.59
2258.25
2262.91
2267.57
2272.23
2276.89
2281.55
2286.22
2290.88
2295.54
2300.2
2304.86
2309.52
2314.18
2318.85
2323.51
2328.17
2332.83
2337.49
2342.15
2346.82
2351.48
2356.14
2360.8
2365.46
2370.12
2374.78
2379.45
2384.11
2388.77
2393.43
2398.09
2402.75
2407.41
2412.08
2416.74
2421.4
2426.06
2430.72
2435.38
2440.04
2444.71
2449.37
2454.03
2458.69
2463.35
2468.01
2472.68
2477.34
2482
2486.66
2491.32
2495.98
2500.64
2505.31
2509.97
2514.63
2519.29
2523.95
2528.61
2533.27
2537.94
2542.6
2547.26
2551.92
2556.58
2561.24
2565.91
2570.57
2575.23
2579.89
2584.55
2589.21
2593.87
2598.54
2603.2
2607.86
2612.52
2617.18
2621.84
2626.5
2631.17
2635.83
2640.49
2645.15
2649.81
2654.47
2659.13
2663.8
2668.46
2673.12
2677.78
2682.44
2687.1
2691.77
2696.43
2701.09
2705.75
2710.41
2715.07
2719.73
2724.4
2729.06
2733.72
2738.38
2743.04
2747.7
2752.36
2757.03
2761.69
2766.35
2771.01
2775.67
2780.33
2784.99
2789.66
2794.32
2798.98
2803.64
2808.3
2812.96
2817.63
2822.29
2826.95
2831.61
2836.27
2840.93
2845.59
2850.26
2854.92
2859.58
2864.24
2868.9
2873.56
2878.22
2882.89
2887.55
2892.21
2896.87
2901.53
2906.19
2910.85
2915.52
2920.18
2924.84
2929.5
2934.16
2938.82
2943.49
2948.15
2952.81
2957.47
2962.13
2966.79
2971.45
2976.12
2980.78
2985.44
2990.1
2994.76
2999.42
3004.08
3008.75
3013.41
3018.07
3022.73
3027.39
3032.05
3036.72
3041.38
3046.04
3050.7
3055.36
3060.02
3064.68
3069.35
3074.01
3078.67
3083.33
3087.99
3092.65
3097.31
3101.98
3106.64
3111.3
3115.96
3120.62
3125.28
3129.94
3134.61
3139.27
3143.93
3148.59
3153.25
3157.91
3162.58
3167.24
3171.9
3176.56
3181.22
3185.88
3190.54
3195.21
3199.87
3204.53
3209.19
3213.85
3218.51
3223.17
3227.84
3232.5
3237.16
3241.82
3246.48
3251.14
3255.8
3260.47
3265.13
3269.79
3274.45
3279.11
3283.77
3288.44
3293.1
3297.76
3302.42
3307.08
3311.74
3316.4
3321.07
3325.73
3330.39
3335.05
3339.71
3344.37
3349.03
3353.7
3358.36
3363.02
3367.68
3372.34
3377
3381.67
3386.33
3390.99
3395.65
3400.31
3404.97
3409.63
3414.3
3418.96
3423.62
3428.28
3432.94
3437.6
3442.26
3446.93
3451.59
3456.25
3460.91
3465.57
3470.23
3474.89
3479.56
3484.22
3488.88
3493.54
3498.2
3502.86
3507.53
3512.19
3516.85
3521.51
3526.17
3530.83
3535.49
3540.16
3544.82
3549.48
3554.14
3558.8
3563.46
3568.12
3572.79
3577.45
3582.11
3586.77
3591.43
3596.09
3600.75
3605.42
3610.08
3614.74
3619.4
3624.06
3628.72
3633.39
3638.05
3642.71
3647.37
3652.03
3656.69
3661.35
3666.02
3670.68
3675.34
3680
3684.66
3689.32
3693.98
3698.65
3703.31
3707.97
3712.63
3717.29
3721.95
3726.61
3731.28
3735.94
3740.6
3745.26
3749.92
3754.58
3759.25
3763.91
3768.57
3773.23
3777.89
3782.55
3787.21
3791.88
3796.54
3801.2
3805.86
3810.52
3815.18
3819.84
3824.51
3829.17
3833.83
3838.49
3843.15
3847.81
3852.48
3857.14
3861.8
3866.46
3871.12
3875.78
3880.44
3885.11
3889.77
3894.43
3899.09
3903.75
3908.41
3913.07
3917.74
3922.4
3927.06
3931.72
3936.38
3941.04
3945.7
3950.37
3955.03
3959.69
3964.35
3969.01
3973.67
3978.33
3983
3987.66
3992.32
3996.98
4001.64
4006.3
4010.97
4015.63
4020.29
4024.95
4029.61
4034.27
4038.93
4043.6
4048.26
4052.92
4057.58
4062.24
4066.9
4071.56
4076.23
4080.89
4085.55
4090.21
4094.87
4099.53
4104.2
4108.86
4113.52
4118.18
4122.84
4127.5
4132.16
4136.83
4141.49
4146.15
4150.81
4155.47
4160.13
4164.79
4169.46
4174.12
4178.78
4183.44
4188.1
4192.76
4197.42
4202.09
4206.75
4211.41
4216.07
4220.73
4225.39
4230.06
4234.72
4239.38
4244.04
4248.7
4253.36
4258.02
4262.69
4267.35
4272.01
4276.67
4281.33
4285.99
4290.65
4295.32
4299.98
4304.64
4309.3
4313.96
4318.62
4323.29
4327.95
4332.61
4337.27
4341.93
4346.59
4351.25
4355.92
4360.58
4365.24
4369.9
4374.56
4379.22
4383.88
4388.55
4393.21
4397.87
4402.53
4407.19
4411.85
4416.51
4421.18
4425.84
4430.5
4435.16
4439.82
4444.48
4449.15
4453.81
4458.47
4463.13
4467.79
4472.45
4477.11
4481.78
4486.44
4491.1
4495.76
4500.42
4505.08
4509.74
4514.41
4519.07
4523.73
4528.39
4533.05
4537.71
4542.38
4547.04
4551.7
4556.36
4561.02
4565.68
4570.34
4575.01
4579.67
4584.33
4588.99
4593.65
4598.31
4602.97
4607.64
4612.3
4616.96
4621.62
4626.28
4630.94
4635.6
4640.27
4644.93
4649.59
4654.25
4658.91
4663.57
4668.23
4672.9
4677.56
4682.22
4686.88
4691.54
4696.2
4700.87
4705.53
4710.19
4714.85
4719.51
4724.17
4728.83
4733.5
4738.16
4742.82
4747.48
4752.14
4756.8
4761.46
4766.13
4770.79
4775.45
4780.11
4784.77
4789.43
4794.09
4798.76
4803.42
4808.08
4812.74
4817.4
4822.06
4826.73
4831.39
4836.05
4840.71
4845.37
4850.03
4854.69
4859.36
4864.02
4868.68
4873.34
4878
4882.66
4887.32
4891.99
4896.65
4901.31
4905.97
4910.63
4915.29
4919.96
4924.62
4929.28
4933.94
4938.6
4943.26
4947.92
4952.59
4957.25
4961.91
4966.57
4971.23
4975.89
4980.55
4985.22
4989.88
4994.54
4999.2
5003.86
5008.52
5013.18
5017.85
5022.51
5027.17
5031.83
5036.49
5041.15
5045.81
5050.48
5055.14
5059.8
5064.46
5069.12
5073.78
5078.45
5083.11
5087.77
5092.43
5097.09
5101.75
5106.41
5111.08
5115.74
5120.4
5125.06
5129.72
5134.38
5139.04
5143.71
5148.37
5153.03
5157.69
5162.35
5167.01
5171.68
5176.34
